=== Run information ===

Scheme:       weka.classifiers.bayes.NaiveBayes 
Relation:     POKER_HAND
Instances:    25010
Attributes:   11
              S1
              C1
              S2
              C2
              S3
              C3
              S4
              C4
              S5
              C5
              CLASS
Test mode:    10-fold cross-validation

=== Classifier model (full training set) ===

Naive Bayes Classifier

                 Class
Attribute            0       1       2       3       4       5       6       7       8       9
                 (0.5)  (0.42)  (0.05)  (0.02)     (0)     (0)     (0)     (0)     (0)     (0)
===============================================================================================
S1
  1              3091.0  2627.0   263.0   121.0    29.0    13.0    10.0     1.0     3.0     2.0
  2              3154.0  2663.0   324.0   124.0    18.0    12.0     7.0     2.0     2.0     2.0
  3              3074.0  2677.0   309.0   135.0    32.0    13.0    12.0     4.0     2.0     2.0
  4              3178.0  2636.0   314.0   137.0    18.0    20.0    11.0     3.0     2.0     3.0
  [total]       12497.0 10603.0  1210.0   517.0    97.0    58.0    40.0    10.0     9.0     9.0

C1
  1               992.0   842.0    84.0    53.0     6.0     6.0     3.0     1.0     3.0     2.0
  2               963.0   826.0    94.0    47.0     5.0     8.0     3.0     2.0     2.0     1.0
  3               947.0   808.0    84.0    38.0     8.0     1.0     2.0     2.0     1.0     1.0
  4               981.0   802.0    82.0    43.0     8.0     4.0     6.0     1.0     1.0     1.0
  5               925.0   808.0   104.0    45.0     8.0     4.0     4.0     1.0     2.0     1.0
  6               948.0   782.0    84.0    31.0    10.0     7.0     5.0     1.0     1.0     1.0
  7               974.0   846.0    91.0    46.0     5.0     3.0     3.0     1.0     1.0     1.0
  8               977.0   813.0   102.0    38.0    13.0     3.0     6.0     4.0     1.0     1.0
  9              1011.0   816.0    94.0    32.0     7.0     9.0     4.0     1.0     2.0     1.0
  10              929.0   800.0    99.0    34.0     9.0     6.0     5.0     1.0     1.0     3.0
  11              930.0   843.0   101.0    42.0     7.0     5.0     3.0     2.0     1.0     2.0
  12              968.0   811.0   106.0    43.0    11.0     6.0     1.0     1.0     1.0     2.0
  13              961.0   815.0    94.0    34.0     9.0     5.0     4.0     1.0     1.0     1.0
  [total]       12506.0 10612.0  1219.0   526.0   106.0    67.0    49.0    19.0    18.0    18.0

S2
  1              3161.0  2668.0   310.0   129.0    23.0    13.0     9.0     1.0     3.0     2.0
  2              3065.0  2682.0   307.0   139.0    30.0    12.0    11.0     4.0     2.0     2.0
  3              3118.0  2599.0   277.0   120.0    22.0    13.0    12.0     2.0     2.0     2.0
  4              3153.0  2654.0   316.0   129.0    22.0    20.0     8.0     3.0     2.0     3.0
  [total]       12497.0 10603.0  1210.0   517.0    97.0    58.0    40.0    10.0     9.0     9.0

C2
  1               973.0   864.0    95.0    49.0     3.0     5.0     3.0     1.0     1.0     1.0
  2               929.0   822.0   118.0    39.0     6.0     5.0     7.0     2.0     2.0     1.0
  3               962.0   783.0   111.0    45.0     7.0     7.0     3.0     2.0     1.0     1.0
  4               963.0   799.0    88.0    42.0     6.0     7.0     5.0     1.0     3.0     1.0
  5               943.0   772.0    89.0    31.0     7.0     5.0     5.0     1.0     1.0     1.0
  6               982.0   842.0    78.0    41.0    10.0     4.0     5.0     1.0     2.0     1.0
  7               994.0   783.0    87.0    38.0     7.0     7.0     2.0     2.0     1.0     1.0
  8               911.0   852.0    85.0    40.0     8.0     4.0     3.0     3.0     1.0     1.0
  9               901.0   836.0    88.0    45.0     9.0     3.0     2.0     1.0     1.0     1.0
  10              961.0   815.0    93.0    31.0    20.0     5.0     4.0     1.0     1.0     1.0
  11              972.0   819.0    91.0    36.0     7.0     4.0     5.0     2.0     1.0     4.0
  12             1015.0   782.0    86.0    44.0     9.0     8.0     1.0     1.0     2.0     1.0
  13             1000.0   843.0   110.0    45.0     7.0     3.0     4.0     1.0     1.0     3.0
  [total]       12506.0 10612.0  1219.0   526.0   106.0    67.0    49.0    19.0    18.0    18.0

S3
  1              3108.0  2650.0   300.0   126.0    23.0    13.0    12.0     3.0     3.0     2.0
  2              3068.0  2686.0   303.0   116.0    20.0    12.0     7.0     2.0     2.0     2.0
  3              3126.0  2551.0   297.0   131.0    30.0    13.0     8.0     3.0     2.0     2.0
  4              3195.0  2716.0   310.0   144.0    24.0    20.0    13.0     2.0     2.0     3.0
  [total]       12497.0 10603.0  1210.0   517.0    97.0    58.0    40.0    10.0     9.0     9.0

C3
  1               913.0   832.0   100.0    46.0     5.0     3.0     2.0     1.0     1.0     2.0
  2               980.0   788.0    95.0    40.0     1.0     6.0     5.0     2.0     2.0     1.0
  3               960.0   841.0   111.0    44.0     2.0     9.0     3.0     2.0     2.0     1.0
  4               929.0   844.0   103.0    47.0    11.0     3.0     5.0     1.0     1.0     1.0
  5               990.0   790.0    85.0    37.0    13.0     9.0     2.0     1.0     2.0     1.0
  6               959.0   796.0    84.0    33.0    10.0     4.0     5.0     1.0     1.0     1.0
  7               947.0   842.0    87.0    40.0     9.0     5.0     3.0     2.0     1.0     1.0
  8               947.0   824.0    83.0    44.0     8.0     5.0     6.0     3.0     1.0     1.0
  9               935.0   774.0    86.0    42.0    14.0     3.0     4.0     1.0     2.0     1.0
  10             1022.0   837.0    99.0    34.0     7.0     2.0     4.0     1.0     2.0     2.0
  11              940.0   819.0    93.0    43.0    11.0     6.0     7.0     2.0     1.0     1.0
  12             1019.0   837.0    88.0    38.0     6.0     3.0     2.0     1.0     1.0     2.0
  13              965.0   788.0   105.0    38.0     9.0     9.0     1.0     1.0     1.0     3.0
  [total]       12506.0 10612.0  1219.0   526.0   106.0    67.0    49.0    19.0    18.0    18.0

S4
  1              3164.0  2635.0   285.0   128.0    31.0    13.0    12.0     6.0     3.0     2.0
  2              3115.0  2686.0   263.0   136.0    26.0    12.0    15.0     1.0     2.0     2.0
  3              3105.0  2684.0   356.0   131.0    19.0    13.0    10.0     2.0     2.0     2.0
  4              3113.0  2598.0   306.0   122.0    21.0    20.0     3.0     1.0     2.0     3.0
  [total]       12497.0 10603.0  1210.0   517.0    97.0    58.0    40.0    10.0     9.0     9.0

C4
  1               991.0   839.0    99.0    44.0     7.0     6.0     4.0     1.0     1.0     1.0
  2              1014.0   832.0    96.0    44.0     1.0     5.0     1.0     2.0     1.0     1.0
  3              1015.0   833.0    90.0    49.0     6.0     5.0     5.0     2.0     3.0     1.0
  4               958.0   789.0    99.0    39.0    11.0     7.0     5.0     1.0     2.0     1.0
  5               945.0   805.0    91.0    39.0     5.0     3.0     2.0     1.0     1.0     1.0
  6               938.0   854.0    83.0    31.0     7.0     2.0     5.0     1.0     1.0     1.0
  7               994.0   804.0    82.0    40.0    18.0     7.0     3.0     2.0     2.0     1.0
  8               954.0   759.0    94.0    49.0     7.0     5.0     3.0     2.0     1.0     1.0
  9               972.0   821.0    90.0    49.0    10.0     7.0     4.0     1.0     1.0     1.0
  10              960.0   810.0   103.0    36.0    10.0     6.0     5.0     1.0     1.0     2.0
  11              933.0   856.0   114.0    31.0    13.0     4.0     6.0     2.0     2.0     2.0
  12              902.0   800.0    89.0    33.0     9.0     8.0     1.0     2.0     1.0     3.0
  13              930.0   810.0    89.0    42.0     2.0     2.0     5.0     1.0     1.0     2.0
  [total]       12506.0 10612.0  1219.0   526.0   106.0    67.0    49.0    19.0    18.0    18.0

S5
  1              3113.0  2698.0   320.0   134.0    22.0    13.0    12.0     1.0     3.0     2.0
  2              3045.0  2686.0   276.0   124.0    22.0    12.0    10.0     3.0     2.0     2.0
  3              3166.0  2653.0   325.0   127.0    25.0    13.0    10.0     1.0     2.0     2.0
  4              3173.0  2566.0   289.0   132.0    28.0    20.0     8.0     5.0     2.0     3.0
  [total]       12497.0 10603.0  1210.0   517.0    97.0    58.0    40.0    10.0     9.0     9.0

C5
  1               985.0   819.0   105.0    52.0     3.0     7.0     3.0     1.0     1.0     4.0
  2               994.0   821.0    94.0    42.0     7.0     2.0     4.0     1.0     1.0     1.0
  3               956.0   795.0   106.0    49.0     5.0     6.0     4.0     1.0     1.0     1.0
  4               962.0   841.0    93.0    40.0     6.0     6.0     5.0     1.0     1.0     1.0
  5               975.0   830.0    95.0    44.0    14.0     5.0     4.0     2.0     3.0     1.0
  6               960.0   800.0    87.0    36.0    10.0     3.0     4.0     1.0     2.0     1.0
  7               924.0   783.0    79.0    40.0     8.0     4.0     1.0     2.0     1.0     1.0
  8              1005.0   836.0    95.0    37.0    11.0     8.0     7.0     2.0     2.0     1.0
  9               965.0   814.0   101.0    37.0     9.0     8.0     4.0     1.0     1.0     1.0
  10              933.0   877.0    88.0    39.0    10.0     3.0     3.0     2.0     1.0     2.0
  11              967.0   799.0    87.0    42.0    11.0     3.0     3.0     1.0     1.0     1.0
  12              946.0   782.0    91.0    35.0     6.0     7.0     2.0     1.0     1.0     2.0
  13              934.0   815.0    98.0    33.0     6.0     5.0     5.0     3.0     2.0     1.0
  [total]       12506.0 10612.0  1219.0   526.0   106.0    67.0    49.0    19.0    18.0    18.0



Time taken to build model: 0.05 seconds

=== Stratified cross-validation ===
=== Summary ===

Correctly Classified Instances       12271               49.0644 %
Incorrectly Classified Instances     12739               50.9356 %
Kappa statistic                         -0.0064
Mean absolute error                      0.1136
Root mean squared error                  0.2387
Relative absolute error                 99.9977 %
Root relative squared error            100.1549 %
Total Number of Instances            25010     

=== Detailed Accuracy By Class ===

                 TP Rate  FP Rate  Precision  Recall   F-Measure  MCC      ROC Area  PRC Area  Class
                 0.921    0.929    0.497      0.921    0.646      -0.015   0.503     0.502     0
                 0.072    0.077    0.408      0.072    0.122      -0.009   0.497     0.419     1
                 0.000    0.000    ?          0.000    ?          ?        0.508     0.051     2
                 0.000    0.000    ?          0.000    ?          ?        0.474     0.022     3
                 0.000    0.000    ?          0.000    ?          ?        0.667     0.007     4
                 0.000    0.000    ?          0.000    ?          ?        0.482     0.004     5
                 0.000    0.000    ?          0.000    ?          ?        0.560     0.002     6
                 0.000    0.000    ?          0.000    ?          ?        0.715     0.001     7
                 0.000    0.000    ?          0.000    ?          ?        0.164     0.000     8
                 0.000    0.000    ?          0.000    ?          ?        0.381     0.000     9
Weighted Avg.    0.491    0.497    ?          0.491    ?          ?        0.501     0.431     

=== Confusion Matrix ===

     a     b     c     d     e     f     g     h     i     j   <-- classified as
 11510   983     0     0     0     0     0     0     0     0 |     a = 0
  9838   761     0     0     0     0     0     0     0     0 |     b = 1
  1129    77     0     0     0     0     0     0     0     0 |     c = 2
   480    33     0     0     0     0     0     0     0     0 |     d = 3
    87     6     0     0     0     0     0     0     0     0 |     e = 4
    52     2     0     0     0     0     0     0     0     0 |     f = 5
    33     3     0     0     0     0     0     0     0     0 |     g = 6
     6     0     0     0     0     0     0     0     0     0 |     h = 7
     4     1     0     0     0     0     0     0     0     0 |     i = 8
     4     1     0     0     0     0     0     0     0     0 |     j = 9

