C:\Users\Sohan Nipunage\Google Drive\Spring 2018\ML\Term Project\poker\orig_data>python mlp.py
Train data shape: (25010, 11)
Test date shape: (1000000, 11)
C:\Python36\lib\site-packages\sklearn\utils\validation.py:475: DataConversionWarning: Data with input dtype int64 was converted to float64 by StandardScaler.
  warnings.warn(msg, DataConversionWarning)
             precision    recall  f1-score   support

          0       1.00      1.00      1.00    501209
          1       1.00      1.00      1.00    422498
          2       0.99      0.97      0.98     47622
          3       0.91      0.97      0.94     21121
          4       0.65      0.41      0.50      3885
          5       0.97      0.91      0.94      1996
          6       0.86      0.31      0.46      1424
          7       0.57      0.10      0.17       230
          8       0.12      0.75      0.21        12
          9       0.00      0.00      0.00         3

avg / total       0.99      0.99      0.99   1000000

Accuracy using MLPClassifier and Random Seed: 1 : 0.993222
[[500433     35      0      0    705     36      0      0      0      0]
 [     0 422290      6      0    163      6      0      0     12     21]
 [     0    634  46186    800      0      0      2      0      0      0]
 [     0      0    656  20427      0      0     27     11      0      0]
 [  2295      3      0      0   1587      0      0      0      0      0]
 [   107      0      0      0      1   1819      0      0     53     16]
 [     0      0      1    969      0      0    448      6      0      0]
 [     0      0      0    166      0      0     41     23      0      0]
 [     0      0      0      0      0      3      0      0      9      0]
 [     0      0      0      0      0      3      0      0      0      0]]
             precision    recall  f1-score   support

          0       0.99      1.00      1.00    501209
          1       0.99      1.00      0.99    422498
          2       0.97      0.94      0.95     47622
          3       0.92      0.94      0.93     21121
          4       0.74      0.77      0.75      3885
          5       0.99      0.86      0.92      1996
          6       0.79      0.22      0.34      1424
          7       0.50      0.13      0.21       230
          8       0.22      0.17      0.19        12
          9       0.00      0.00      0.00         3

avg / total       0.99      0.99      0.99   1000000

Accuracy using MLPClassifier and Random Seed: 2 : 0.990354
[[500137    193      0      0    877      2      0      0      0      0]
 [  1529 420700     91      0    175      1      0      0      1      1]
 [     0   2374  44680    566      0      0      0      1      1      0]
 [     0      0   1271  19805      0      0     28     17      0      0]
 [   860     47      0      0   2978      0      0      0      0      0]
 [   264      0      0      0      0   1709      0      0      5     18]
 [     0      0      0   1099      0      0    313     12      0      0]
 [     0      0      0    146      0      0     54     30      0      0]
 [     0      0      0      0      0      9      0      0      2      1]
 [     0      0      0      0      0      3      0      0      0      0]]
             precision    recall  f1-score   support

          0       0.99      1.00      0.99    501209
          1       0.99      0.99      0.99    422498
          2       0.95      0.96      0.96     47622
          3       0.92      0.92      0.92     21121
          4       0.78      0.31      0.45      3885
          5       0.84      0.98      0.90      1996
          6       0.63      0.23      0.34      1424
          7       0.23      0.14      0.17       230
          8       0.17      0.33      0.23        12
          9       0.00      0.00      0.00         3

avg / total       0.99      0.99      0.99   1000000

Accuracy using MLPClassifier and Random Seed: 3 : 0.988446
[[499667   1009      0      0    253    279      0      0      0      1]
 [  1514 419838    930      0     93     79      0      2     15     27]
 [     0   1168  45890    541      0      0      0     22      1      0]
 [     0      0   1452  19517      0      0     73     79      0      0]
 [  2564    100      0      0   1217      2      0      0      2      0]
 [    31      0      0      0      0   1954      0      0      1     10]
 [     0      0      5   1085      0      0    327      7      0      0]
 [     0      0      0     80      0      0    118     32      0      0]
 [     0      0      0      0      0      8      0      0      4      0]
 [     0      0      0      0      0      3      0      0      0      0]]
             precision    recall  f1-score   support

          0       0.99      0.99      0.99    501209
          1       0.98      0.99      0.98    422498
          2       0.85      0.86      0.86     47622
          3       0.86      0.75      0.80     21121
          4       0.77      0.63      0.69      3885
          5       0.87      0.71      0.78      1996
          6       0.63      0.42      0.51      1424
          7       0.19      0.29      0.23       230
          8       0.29      0.33      0.31        12
          9       0.00      0.00      0.00         3

avg / total       0.98      0.98      0.98   1000000

Accuracy using MLPClassifier and Random Seed: 4 : 0.975689
[[495949   4680      0      0    392    186      0      0      0      2]
 [  1463 418350   2279     25    343     28      0      2      8      0]
 [     0   4757  40938   1846      0      0     33     48      0      0]
 [     0     22   4759  15922      0      0    243    175      0      0]
 [   924    508      0      0   2453      0      0      0      0      0]
 [   577      2      0      0      0   1409      0      0      2      6]
 [     0      0     37    732      0      0    598     57      0      0]
 [     0      0      0     96      0      0     68     66      0      0]
 [     0      1      0      0      5      2      0      0      4      0]
 [     0      0      0      0      0      3      0      0      0      0]]
             precision    recall  f1-score   support

          0       0.99      1.00      0.99    501209
          1       0.99      1.00      0.99    422498
          2       0.95      0.90      0.92     47622
          3       0.90      0.88      0.89     21121
          4       0.65      0.07      0.13      3885
          5       0.47      0.70      0.56      1996
          6       0.59      0.30      0.40      1424
          7       0.67      0.21      0.32       230
          8       0.01      0.08      0.01        12
          9       0.00      0.33      0.00         3

avg / total       0.98      0.98      0.98   1000000

Accuracy using MLPClassifier and Random Seed: 5 : 0.984295
[[499092    455      0      0     59   1443      0      0     36    124]
 [    84 421647     86      0     90    146      0      0    102    343]
 [     0   3768  42911    922      0      0     10      2      4      5]
 [     0      0   2380  18493      0      0    228     20      0      0]
 [  3532     60      0      0    277      6      0      0      4      6]
 [   477      1      0      0      0   1397      0      0     40     81]
 [     0      0      5    990      0      0    427      2      0      0]
 [     0      0      0    128      0      0     53     49      0      0]
 [     3      0      0      0      1      7      0      0      1      0]
 [     0      0      0      0      0      2      0      0      0      1]]
Mean Accuracy using MLPClassifier Classifier:  0.9864012000000001
Verify test data personal:---------------------------
             precision    recall  f1-score   support

          4       1.00      1.00      1.00         1

avg / total       1.00      1.00      1.00         1

[[1]]
end---------------------------